0 0.592337 0.444547 0.252513 0.833641
0 0.314070 0.458410 0.057789 0.754159
0 0.785176 0.458410 0.042714 0.754159
0 0.927764 0.261553 0.054020 0.079482
0 0.094221 0.579482 0.070352 0.512015
0 0.163317 0.396488 0.065327 0.142329
0 0.928392 0.580407 0.042714 0.510166
0 0.391332 0.583179 0.059045 0.504621
0 0.163317 0.765250 0.065327 0.140481
0 0.533291 0.936229 0.028894 0.075786
0 0.572864 0.936229 0.020101 0.075786
0 0.613693 0.936229 0.028894 0.075786
0 0.739322 0.936229 0.026382 0.075786
0 0.780151 0.936229 0.025126 0.075786
0 0.228015 0.937153 0.028894 0.073937
0 0.271985 0.937153 0.028894 0.073937
0 0.353015 0.936229 0.037688 0.072089
0 0.402010 0.937153 0.030151 0.073937
0 0.446608 0.937153 0.028894 0.073937
0 0.490578 0.937153 0.026382 0.073937
0 0.655151 0.937153 0.026382 0.073937
0 0.695980 0.937153 0.030151 0.073937
0 0.945352 0.933457 0.008794 0.018484