0 0.107084 0.624486 0.108731 0.179012
0 0.222405 0.624486 0.032949 0.179012
0 0.316310 0.624486 0.088962 0.179012
0 0.437397 0.624486 0.087315 0.179012
0 0.569193 0.625514 0.087315 0.181070
0 0.700165 0.624486 0.088962 0.179012
0 0.828666 0.624486 0.098847 0.179012
0 0.115321 0.789095 0.059308 0.104938
0 0.204283 0.789095 0.069193 0.104938
0 0.604613 0.789095 0.069193 0.104938
0 0.785832 0.789095 0.059308 0.104938
0 0.293245 0.789095 0.056013 0.100823
0 0.373970 0.790123 0.062603 0.102881
0 0.460461 0.789095 0.060956 0.100823
0 0.529654 0.789095 0.028007 0.100823
0 0.698517 0.789095 0.062603 0.100823